1  José_Carlos_da_Silva 9999-7788 
12 
15 
17 
25 
15 
17 
15 
17 
17 
23 
24 
23 
50 
54 
60 
65 
100 
102 
01 
01
100 
02 
03 
04 
05
0
2 Claudio_Tavares 9922-2998 
19 
25 
27 
18 
36 
12
19 
12 
13 
14 
15
104 
15 
15 
16 
17 
18 
20 
21
104 
23 
23 
24 
25
25 
27
0
3 Carlos_dos_Santos 9876-5562 
27 
36 
39 
36 
110 
87 
13 
28 
15 
10 
21 
23 
50 
54 
56  
54 
59 
60 
61
21 
21 
21
56  
0
4 Tiago_Castilhos 99-09090 
14 
15 
16 
20 
17 
40 
45 
35 
35 
100 
01 
02 
02 
03 
01 
01 
23 
23 
23 
23 
23
20
133
0
5 Ana_Feijo 9898-0808 
14 
15
16 
17 
90  
10 
12 
01 
02 
03 
25 
26 
24 
27 
30 
31
32
27
16  
17
90
90
27 
17
32
32
0
6 Carlos_Alberto 9191-0202 
23 
54 
50 
51 
14 
15 
15 
16 
11 
17 
18 
01 
02 
03 
05 
05 
10 
11 
12
78
12
23 
23 
12 
15
0
7 Cassiane_de_Almeida 8787-090 
01 
02 
03 
05 
07 
10 
20 
21
13
14 
23 
24 
25 
26 
54 
110 
23
03
23 
45 
12 
13 
14
21 
23 
15
0
8 Cristian_Burile 5454-0909 
01 
02 
03 
04 
05 
12  
11 
16 
17 
18 
19 
20 
21 
22
01
45 
22 
50 
44  
47 
09
45
20
12
0
9 Daiane_Zanin 3434-0909 
01 
02 
03 
04 
05 
10 
15 
20
31 
20
31 
20 
31 
20 
31 
30 
40 
50 
60
51 
60 
54 
60 
61 
32 
32 
45
0 
10 Marcos_Severo 1212-1414 
14 
15 
16
17  
18 
19 
20 
21 
22  
23 
24 
25 
01 
02
03 
04 
05
15
15
15
15
22 
22
16
0